-2.082117674664382689e-01
-2.546885897400766874e-01
-3.125924544585318432e-01
-3.849940409035174094e-01
-4.759083284683676696e-01
-5.906534153204735516e-01
-7.363994579617120229e-01
-9.230494870718763956e-01
-1.164629180164482580e+00
-1.481818332122517567e+00
-1.907220152617619569e+00
-2.495577851857089247e+00
-3.356618665272849800e+00
-4.764190816075445589e+00
-8.619365234729137626e+00
-3.168922560899370211e+01
-4.262288567156490160e+01
-5.111815692668076849e+01
-5.833792995921695024e+01
-6.474486975265324418e+01
